Epoch 969/999 | Loss 0.0123 | Win count 743
[[0 8 6]]
[[1 8 5]]
[[2 8 6]]
[[3 8 7]]
[[4 8 6]]
[[5 8 7]]
[[6 8 7]]
[[7 8 7]]
[[8 8 8]]
Epoch 970/999 | Loss 0.0107 | Win count 744
[[0 3 1]]
[[1 3 2]]
[[2 3 3]]
[[3 3 4]]
[[4 3 3]]
[[5 3 2]]
[[6 3 1]]
[[7 3 2]]
[[8 3 3]]
Epoch 971/999 | Loss 0.0099 | Win count 745
[[0 5 6]]
[[1 5 5]]
[[2 5 5]]
[[3 5 4]]
[[4 5 5]]
[[5 5 4]]
[[6 5 5]]
[[7 5 4]]
[[8 5 4]]
Epoch 972/999 | Loss 0.0143 | Win count 746
[[0 7 2]]
[[1 7 3]]
[[2 7 3]]
[[3 7 4]]
[[4 7 5]]
[[5 7 6]]
[[6 7 5]]
[[7 7 6]]
[[8 7 7]]
Epoch 973/999 | Loss 0.0109 | Win count 747
[[0 5 4]]
[[1 5 5]]
[[2 5 5]]
[[3 5 4]]
[[4 5 3]]
[[5 5 4]]
[[6 5 5]]
[[7 5 4]]
[[8 5 4]]
Epoch 974/999 | Loss 0.0158 | Win count 748
[[0 6 4]]
[[1 6 5]]
[[2 6 6]]
[[3 6 5]]
[[4 6 6]]
[[5 6 6]]
[[6 6 5]]
[[7 6 4]]
[[8 6 5]]
Epoch 975/999 | Loss 0.0088 | Win count 749
[[0 3 5]]
[[1 3 6]]
[[2 3 6]]
[[3 3 6]]
[[4 3 5]]
[[5 3 4]]
[[6 3 3]]
[[7 3 3]]
[[8 3 4]]
Epoch 976/999 | Loss 0.0098 | Win count 750
[[0 4 3]]
[[1 4 4]]
[[2 4 4]]
[[3 4 5]]
[[4 4 4]]
[[5 4 5]]
[[6 4 4]]
[[7 4 4]]
[[8 4 5]]
Epoch 977/999 | Loss 0.0117 | Win count 751
[[0 3 5]]
[[1 3 6]]
[[2 3 6]]
[[3 3 6]]
[[4 3 6]]
[[5 3 5]]
[[6 3 6]]
[[7 3 5]]
[[8 3 4]]
Epoch 978/999 | Loss 0.0098 | Win count 752
[[0 8 2]]
[[1 8 3]]
[[2 8 4]]
[[3 8 5]]
[[4 8 6]]
[[5 8 7]]
[[6 8 7]]
[[7 8 7]]
[[8 8 8]]
Epoch 979/999 | Loss 0.0140 | Win count 753
[[0 2 6]]
[[1 2 7]]
[[2 2 6]]
[[3 2 6]]
[[4 2 5]]
[[5 2 5]]
[[6 2 4]]
[[7 2 3]]
[[8 2 2]]
Epoch 980/999 | Loss 0.0129 | Win count 754
[[0 2 2]]
[[1 2 1]]
[[2 2 2]]
[[3 2 1]]
[[4 2 1]]
[[5 2 1]]
[[6 2 1]]
[[7 2 1]]
[[8 2 1]]
Epoch 981/999 | Loss 0.0094 | Win count 755
[[0 3 2]]
[[1 3 3]]
[[2 3 2]]
[[3 3 2]]
[[4 3 2]]
[[5 3 1]]
[[6 3 2]]
[[7 3 2]]
[[8 3 3]]
Epoch 982/999 | Loss 0.0086 | Win count 756
[[0 3 5]]
[[1 3 6]]
[[2 3 6]]
[[3 3 6]]
[[4 3 6]]
[[5 3 5]]
[[6 3 5]]
[[7 3 4]]
[[8 3 3]]
Epoch 983/999 | Loss 0.0162 | Win count 757
[[0 0 7]]
[[1 0 7]]
[[2 0 7]]
[[3 0 6]]
[[4 0 5]]
[[5 0 4]]
[[6 0 3]]
[[7 0 2]]
[[8 0 1]]
Epoch 984/999 | Loss 0.0121 | Win count 758
[[0 1 2]]
[[1 1 2]]
[[2 1 1]]
[[3 1 1]]
[[4 1 1]]
[[5 1 2]]
[[6 1 2]]
[[7 1 1]]
[[8 1 1]]
Epoch 985/999 | Loss 0.0086 | Win count 759
[[0 2 4]]
[[1 2 5]]
[[2 2 5]]
[[3 2 4]]
[[4 2 4]]
[[5 2 4]]
[[6 2 3]]
[[7 2 2]]
[[8 2 1]]
Epoch 986/999 | Loss 0.0104 | Win count 760
[[0 3 5]]
[[1 3 5]]
[[2 3 6]]
[[3 3 6]]
[[4 3 5]]
[[5 3 4]]
[[6 3 3]]
[[7 3 3]]
[[8 3 4]]
Epoch 987/999 | Loss 0.0154 | Win count 761
[[0 7 3]]
[[1 7 4]]
[[2 7 5]]
[[3 7 5]]
[[4 7 5]]
[[5 7 6]]
[[6 7 5]]
[[7 7 6]]
[[8 7 7]]
Epoch 988/999 | Loss 0.0124 | Win count 762
[[0 6 6]]
[[1 6 5]]
[[2 6 6]]
[[3 6 7]]
[[4 6 6]]
[[5 6 6]]
[[6 6 5]]
[[7 6 4]]
[[8 6 5]]
Epoch 989/999 | Loss 0.0090 | Win count 763
[[0 3 5]]
[[1 3 6]]
[[2 3 6]]
[[3 3 6]]
[[4 3 6]]
[[5 3 5]]
[[6 3 4]]
[[7 3 4]]
[[8 3 3]]
Epoch 990/999 | Loss 0.0061 | Win count 764
[[0 4 6]]
[[1 4 7]]
[[2 4 8]]
[[3 4 8]]
[[4 4 7]]
[[5 4 6]]
[[6 4 5]]
[[7 4 4]]
[[8 4 5]]
Epoch 991/999 | Loss 0.0047 | Win count 765
[[0 1 6]]
[[1 1 6]]
[[2 1 5]]
[[3 1 6]]
[[4 1 5]]
[[5 1 4]]
[[6 1 3]]
[[7 1 2]]
[[8 1 1]]
Epoch 992/999 | Loss 0.0056 | Win count 766
[[0 7 1]]
[[1 7 2]]
[[2 7 2]]
[[3 7 2]]
[[4 7 3]]
[[5 7 4]]
[[6 7 5]]
[[7 7 6]]
[[8 7 5]]
Epoch 993/999 | Loss 0.0138 | Win count 767
[[0 3 5]]
[[1 3 6]]
[[2 3 6]]
[[3 3 6]]
[[4 3 5]]
[[5 3 4]]
[[6 3 3]]
[[7 3 3]]
[[8 3 4]]
Epoch 994/999 | Loss 0.0061 | Win count 768
[[0 4 1]]
[[1 4 1]]
[[2 4 1]]
[[3 4 1]]
[[4 4 1]]
[[5 4 1]]
[[6 4 1]]
[[7 4 2]]
[[8 4 1]]
Epoch 995/999 | Loss 0.0124 | Win count 768
[[0 3 4]]
[[1 3 4]]
[[2 3 5]]
[[3 3 5]]
[[4 3 4]]
[[5 3 3]]
[[6 3 4]]
[[7 3 4]]
[[8 3 3]]
Epoch 996/999 | Loss 0.0206 | Win count 769
[[0 1 7]]
[[1 1 7]]
[[2 1 7]]
[[3 1 6]]
[[4 1 5]]
[[5 1 4]]
[[6 1 3]]
[[7 1 2]]
[[8 1 1]]
Epoch 997/999 | Loss 0.0202 | Win count 770
[[0 0 2]]
[[1 0 2]]
[[2 0 2]]
[[3 0 2]]
[[4 0 2]]
[[5 0 2]]
[[6 0 1]]
[[7 0 1]]
[[8 0 1]]
Epoch 998/999 | Loss 0.0269 | Win count 771
[[0 0 3]]
[[1 0 2]]
[[2 0 2]]
[[3 0 2]]
[[4 0 3]]
[[5 0 2]]
[[6 0 1]]
[[7 0 1]]
[[8 0 1]]
Epoch 999/999 | Loss 0.0122 | Win count 772

F:\SEMESTER 5\Data Science and Reinforcement\My Reinforcement\catch>python test.py
Using TensorFlow backend.
2018-08-04 19:58:12.307376: I T:\src\github\tensorflow\tensorflow\core\platform\cpu_feature_guard.cc
:141] Your CPU supports instructions that this TensorFlow binary was not compiled to use: AVX2
[[0 8 4]]
[[1 8 5]]
[[2 8 6]]
[[3 8 7]]
[[4 8 7]]
[[5 8 7]]
[[6 8 7]]
[[7 8 7]]
[[8 8 8]]
[[0 6 2]]
[[1 6 2]]
[[2 6 3]]
[[3 6 4]]
[[4 6 5]]
[[5 6 5]]
[[6 6 5]]
[[7 6 4]]
[[8 6 5]]
[[0 7 6]]
[[1 7 5]]
[[2 7 4]]
[[3 7 5]]
[[4 7 6]]
[[5 7 5]]
[[6 7 6]]
[[7 7 7]]
[[8 7 7]]
[[0 4 5]]
[[1 4 6]]
[[2 4 6]]
[[3 4 5]]
[[4 4 4]]
[[5 4 5]]
[[6 4 4]]
[[7 4 5]]
[[8 4 4]]
[[0 2 7]]
[[1 2 7]]
[[2 2 7]]
[[3 2 7]]
[[4 2 6]]
[[5 2 5]]
[[6 2 4]]
[[7 2 3]]
[[8 2 2]]
[[0 4 5]]
[[1 4 6]]
[[2 4 6]]
[[3 4 5]]
[[4 4 4]]
[[5 4 5]]
[[6 4 4]]
[[7 4 5]]
[[8 4 4]]
[[0 7 1]]
[[1 7 2]]
[[2 7 2]]
[[3 7 3]]
[[4 7 4]]
[[5 7 5]]
[[6 7 6]]
[[7 7 7]]
[[8 7 7]]
[[0 7 2]]
[[1 7 3]]
[[2 7 2]]
[[3 7 3]]
[[4 7 4]]
[[5 7 5]]
[[6 7 6]]
[[7 7 7]]
[[8 7 7]]
[[0 4 1]]
[[1 4 1]]
[[2 4 1]]
[[3 4 1]]
[[4 4 1]]
[[5 4 1]]
[[6 4 1]]
[[7 4 2]]
[[8 4 1]]
[[0 2 6]]
[[1 2 5]]
[[2 2 5]]
[[3 2 4]]
[[4 2 3]]
[[5 2 3]]
[[6 2 2]]
[[7 2 1]]
[[8 2 1]]

F:\SEMESTER 5\Data Science and Reinforcement\My Reinforcement\catch> ffmpeg -i %03d.png output.gif -vf fps=1